127	25846
209	35756
232	38828
241	26472
268	25889
272	35256
354	29027
406	26476
443	85222
473	37437
1091	26861
1210	93995
1233	90340
1267	71657
1314	72403
1605	34501
1826	38327
1899	72461
2010	38752
2171	73988
2239	94137
2267	16961
2267	35205
2269	34369
2502	25901
2590	88114
2641	35635
2641	36783
2723	92775
2745	39864
2752	85141
2909	94219
3155	32827
3354	89890
3360	4871
3459	88184
3610	93741
3658	26985
3857	12625
3973	35757
4024	91714
4080	37183
4141	76365
4190	86464
4249	19187
4249	71764
4249	71917
4249	74651
4249	82536
4249	88766
4377	73866
4425	89731
4641	34815
4800	92992
4838	88894
4851	36371
4883	91148
5000	33112
5068	73502
5116	93310
5216	32673
5224	92573
25	86997
45	25945
80	91881
105	35292
108	41594
109	29033
115	41588
116	41606
2764	14145
2764	18625
2764	30761
2764	32540
2764	40082
2764	78203
3919	91180
3919	91258
5408	38336
5440	34193
5588	71552
5667	90202
5705	89478
5798	38473
5800	72996
5871	92421
5921	41249
6036	38908
6107	34483
6178	16938
6178	18296
6178	25472
6178	26411
6178	31807
6178	33368
6178	37228
6178	40136
6178	72989
6178	73096
6178	85553
6178	88832
6178	89617
6276	29742
6299	91811
6312	17379
6318	35955
6318	82508
6345	36002
6388	89543
6405	40825
6415	90988
6416	13353
6416	14843
6416	16546
6416	25813
6416	36829
6416	38369
6416	72225
6416	73300
6416	78080
6416	84179
6416	90024
6427	40350
6516	93214
6535	83723
6535	87929
6535	88815
6535	89837
6535	89993
6535	90269
6543	16167
6584	28787
6634	36618
6753	78111
6793	41128
6814	36797
6993	92768
7022	26628
7022	34888
7025	33876
7104	33830
7122	41599
7186	25484
7186	38640
7200	34983
7299	33867
7299	89933
7439	34484
7464	39509
7464	41592
7677	37206
7684	94039
7691	33587
7732	92046
7739	34928
7756	41641
7765	74856
7781	41623
7786	27760
7791	90342
7801	88666
7801	88667
7801	89187
7801	89189
7801	89770
7809	73156
7810	93555
7864	88571
7864	88572
7864	88818
7864	89842
7887	88058
8009	38035
8086	43850
8087	39322
8088	14883
8101	25776
8186	40484
8201	89910
8233	90296
8422	28281
8485	71566
8539	72505
8546	34594
8578	33637
8592	72912
8614	73666
8769	33780
8808	83926
8916	35982
8930	25454
8953	28563
8975	78568
8979	92158
8980	38151
8984	87807
8984	91780
8997	91721
9021	33543
9037	26455
9167	89829
9167	89830
9167	89906
9180	40933
9184	30109
9190	91074
9195	25948
9200	89359
9239	35790
9293	26040
9316	34719
9385	35523
9474	9511
9474	76790
9619	90814
9669	34099
9671	91179
9702	92547
9711	92025
9841	36456
9849	25253
9899	34098
9948	41133
9962	37629
10050	37518
10071	31274
10083	27823
10083	35476
10110	35049
10110	90113
10114	89774
10219	38077
10219	86950
10229	73933
10267	88656
10289	48057
10289	48858
10294	91996
10305	72407
10313	39404
10345	71766
10481	93878
10552	41649
10581	71581
10589	78914
10622	36798
10635	90237
10635	90307
10659	34187
10713	32491
10713	88506
10757	33808
10850	73551
10913	92389
10978	92608
11005	35981
11005	87115
11005	88064
11120	38494
11197	26716
11247	28577
11281	92751
11298	73113
11324	40086
11362	33274
11395	34631
11417	40262
11423	35744
11438	72356
11439	94424
11465	73768
11628	27106
11718	29567
11736	71858
11739	72388
11768	38240
11907	33303
11912	93839
11942	37520
11973	92258
12068	33982
12147	92802
12181	91259
12189	25373
12189	87893
12189	87896
12189	87900
12189	87901
12189	88056
12303	94443
12372	90532
12508	90158
12635	88394
12703	72932
12766	82242
12834	33495
12896	78225
12911	88551
12931	16997
12983	39518
13019	38864
13075	25547
13115	88487
13166	26766
13167	25730
13183	13184
13204	78344
13371	31085
13394	41893
13418	36019
13419	72432
13457	13697
13457	73614
13469	33208
13491	72044
13527	91396
13561	71940
13625	39007
13658	72417
13658	73374
13730	89136
13761	35357
13840	40472
13875	93712
13930	24825
13930	24826
13930	26835
13930	29785
13930	32069
13930	33324
13930	33412
13930	33707
13930	33708
13930	35142
13930	37704
13930	37706
13930	37707
13930	38233
13930	39474
13930	40336
13930	41014
13930	77886
13930	78088
13930	78106
13930	79668
13930	79713
13930	82918
13930	82919
13931	24825
13931	24826
13951	23752
14112	40662
14318	92700
14320	81364
14320	91841
14357	82489
14379	73277
14379	82631
14670	71711
14698	83867
14698	94070
14729	34072
14736	29216
14736	37257
14736	82047
14766	14771
14795	89097
14803	16500
14888	33202
14900	36754
14930	24421
14930	31683
14930	36208
14930	74274
15043	23017
15043	33617
15043	36968
15043	40548
15043	41057
15043	76614
15043	78079
15114	28705
15114	35864
15124	85657
15165	41295
15235	94248
15285	89900
15389	38262
15535	22518
15549	41422
15558	44002
15561	21048
15561	33169
15561	33170
15590	32515
15705	94332
15752	24505
15771	89287
15772	37007
15772	37365
15819	35274
15825	40288
15850	28528
15850	34275
15851	22416
15851	78883
15851	83084
15889	27787
15889	36422
15919	39159
15923	76523
15929	32667
15929	79807
15929	82389
15929	84735
15980	16315
16034	39767
16046	88328
16051	89972
16082	71702
16126	16127
16175	88792
16185	76521
16217	33731
16225	87481
16254	80906
16300	33751
16308	36105
16356	79470
16366	36387
16394	89896
16447	92639
16576	36708
16619	32921
16674	74953
16757	75262
16797	78029
16880	29406
16908	83861
16936	40047
16941	36153
16944	41306
16964	23403
16964	32102
16964	32224
16964	33434
16964	35111
16964	35112
16964	38858
16964	72537
16964	78140
16964	79709
16964	80395
16964	81107
16964	82160
16964	84889
16964	92795
16977	87911
17031	73628
17032	17033
17032	18977
17032	18979
17032	18980
17032	18981
17032	18982
17032	24942
17032	36506
17032	37927
17032	39229
17032	77402
17032	79487
17032	79767
17057	88144
17072	91137
17072	91138
17130	19450
17140	73432
17275	28581
17275	40705
17283	18739
17295	33129
17308	72016
17312	38779
17343	72292
17538	91314
17671	33040
17684	72054
17709	32000
17709	32931
17709	39800
17709	40804
17709	73658
17709	74266
17709	79720
17709	79721
17709	79722
17709	80436
17709	80442
17709	80443
17709	81273
17745	27865
17804	22198
17804	37527
17831	90945
17848	29602
17855	94384
17933	88633
17955	78065
17986	40240
18107	39940
18196	93068
18205	71607
18232	80310
18246	37635
18261	34663
18262	18264
18286	30527
18290	75807
18303	36520
18457	33046
18480	71891
18513	20639
18595	28965
18610	36623
18619	39380
18619	87867
18654	32479
18654	40832
18740	90105
18769	84841
18786	37999
18851	80348
18860	78144
18905	90267
18947	18956
18958	88016
18965	93178
18983	89790
19094	19939
19111	89466
19149	87808
19213	83686
19258	92838
19323	89787
19390	32058
19400	34662
19401	21107
19411	93645
19420	91978
19430	94195
19444	87067
19626	93780
19781	30343
19804	33940
19872	92081
19940	87285
19990	30289
20043	84874
20078	77419
20085	90232
20121	90390
20180	92463
20292	31942
20331	32011
20331	87333
20348	31850
20371	28217
20411	29404
20441	30511
20568	38685
20778	32833
20781	28780
20781	28781
20781	36514
20781	71988
20781	77879
20781	77888
20808	87474
20907	88060
20953	39669
21127	94245
21127	94246
21159	91402
21202	89717
21234	36065
21234	77295
21290	90752
21398	34799
21453	39146
21514	72357
21547	73157
21728	32527
21766	22414
21766	42204
21816	32563
21880	87668
21933	93836
22075	40343
22136	41257
22136	74410
22290	73605
22299	88139
22316	33117
22549	88878
22707	38704
22831	35122
23016	33014
23051	32442
23068	40666
23086	88677
23159	33853
23229	35324
23307	40416
23342	89302
23482	37353
23530	30098
23538	94344
23547	38865
23554	94323
23727	38324
23783	26322
23878	93105
23977	89885
23982	28288
24008	94268
24030	39547
24286	89888
24398	94190
24583	39548
24721	92640
24792	33938
24792	34488
24792	35247
24792	35248
24792	35573
24792	35574
24792	35575
24792	35577
24792	36041
24792	36042
24792	36043
24792	36044
24792	36249
24792	36250
24792	39720
24792	73693
24792	73694
24792	78135
24792	79981
24792	79983
24792	79985
24792	80183
24792	80389
24792	80791
24792	80792
24792	80988
24792	80989
24792	81674
24802	72470
24802	72471
24890	30370
24900	34159
24924	27964
24952	26795
24980	80549
24990	92934
24995	26164
25001	34823
25001	37715
25001	74682
25060	71849
25163	25164
25208	30338
25208	31416
25223	25225
25281	25284
25407	41581
25420	31352
25420	37106
25420	75115
25420	76081
25420	86210
25420	90283
25467	39916
25481	80955
25548	29853
25606	25608
25607	25609
25613	94183
25662	34644
25766	25767
25794	25795
25818	39020
25977	73872
25994	33827
25994	36415
26061	43642
26133	29100
26133	77859
26133	77860
26160	38254
26188	43831
26217	89482
26217	90986
26239	72127
26240	40776
26240	80444
26240	88767
26244	72428
26352	73109
26358	76898
26371	72726
26373	92996
26408	36212
26419	87876
26517	36600
26643	26645
26664	91506
26700	93641
26708	26712
26841	74399
26849	80373
26905	28714
27081	27082
27149	29433
27157	82431
27165	27166
27186	27187
27205	94188
27238	41080
27250	27251
27309	40395
27356	83687
27356	89137
27373	33278
27402	27876
27579	27602
27586	35377
27596	36453
27601	77493
27794	76228
27949	27950
27989	77055
28011	38118
28049	30162
28053	28054
28076	43999
28113	38438
28173	36334
28173	36926
28173	38978
28198	28199
28245	28246
28254	34969
28275	40771
28277	33038
28313	28314
28346	41334
28358	28360
28397	32981
28409	31054
28514	92493
28544	33954
28566	50253
28586	28587
28630	46441
28646	37404
28686	28687
28792	74718
28999	89013
29002	29008
29012	29015
29039	40395
29048	29050
29062	29064
29072	33776
29072	40702
29072	83834
29115	29116
29240	29242
29268	29269
29289	41640
29342	39824
29367	54379
29368	44478
29378	78615
29379	29811
29539	29540
29571	81953
29600	29624
29739	79610
29773	32041
29773	37926
29812	94320
30044	30045
30065	88562
30065	89462
30105	30106
30148	39780
30148	41041
30148	91012
30173	79281
30197	90131
30203	37453
30210	30212
30238	30240
30259	40024
30265	30266
30279	30280
30299	30760
30339	35375
30341	89644
30390	46075
30467	86360
30487	33745
30501	30502
30564	30705
30564	74691
30564	77720
30571	30572
30629	36847
30659	30660
30685	33622
30790	30792
30801	30802
30846	83811
30919	92684
30940	79054
30961	74450
31165	33216
31179	43685
31179	72329
31179	85128
31179	85129
31179	87106
31188	37885
31240	38837
31269	31272
31275	31276
31289	31306
31314	31316
31318	36937
31337	36590
31408	37796
31422	31423
31503	89875
31535	32513
31676	36046
31775	35978
31799	44444
31825	36194
31839	31840
31843	31844
31902	81008
31948	31949
32016	32017
32078	32079
32095	88493
32107	32168
32124	87798
32148	32693
32175	35349
32181	39577
32248	34629
32257	32258
32321	32329
32343	32344
32368	37360
32375	41118
32375	88852
32384	32387
32404	32602
32463	32464
32488	32489
32551	43778
32585	40320
32612	32700
32641	32642
32648	32649
32662	32687
32699	93773
32752	40843
32778	83225
32800	32801
32832	89128
32897	39512
32897	39514
32897	39516
32897	39556
32897	39557
32897	40090
32897	76592
32897	80982
32908	32909
33001	37089
33001	38500
33001	78799
33009	37173
33104	33106
33138	33139
33138	77805
33141	33788
33185	33186
33245	33246
33287	70597
33306	33308
33339	33341
33340	33342
33370	88892
33413	33414
33556	90362
33563	39084
33590	38564
33596	76499
33647	34115
33747	35855
33771	33773
33809	34711
33832	33833
33868	82102
33950	84629
33995	90421
34044	35353
34050	92392
34094	44357
34119	34141
34126	34128
34131	41690
34165	48507
34167	43887
34173	34174
34183	89659
34264	73005
34284	34285
34336	34337
34384	36478
34386	83197
34386	85936
34396	34400
34426	34428
34455	81375
34491	34492
34547	80768
34557	37514
34591	36687
34768	34769
34828	74835
34842	34843
34849	93527
34870	43806
34992	37932
35081	91287
35140	35144
35261	42499
35470	35471
35501	35502
35503	35504
35541	35542
35590	89497
35659	77323
35680	72862
35681	35684
35760	39855
35763	41645
35770	38872
35791	35792
35858	79421
35948	35949
36015	36016
36023	36027
36034	77506
36051	36056
36081	36083
36082	36085
36095	36097
36152	37401
36215	37648
36215	81130
36215	82115
36232	38044
36243	93754
36252	78483
36358	74641
36359	39266
36395	36401
36405	93724
36427	53246
36470	36471
36572	36573
36639	37534
36695	36697
36745	36746
36789	36790
36895	75554
36904	36906
36985	86449
37056	37057
37095	37100
37107	53123
37109	54515
37120	37121
37172	90359
37176	41401
37176	41426
37176	41427
37176	41550
37176	91821
37211	37212
37214	37215
37304	82746
37329	89797
37374	81466
37406	37621
37420	37421
37423	37424
37483	81408
37507	80669
37507	86308
37582	83968
37600	37601
37603	54082
37643	91287
37745	72260
37745	88674
37766	43927
37806	44254
37837	83182
37839	73058
37839	74024
37887	82664
37899	37900
37912	37913
37922	37923
37965	37966
38041	43774
38059	38884
38097	38652
38139	38140
38190	91653
38190	91655
38190	91659
38223	74740
38252	83558
38283	91825
38315	38337
38349	80278
38373	39486
38451	38452
38598	38617
38609	89968
38637	75000
38639	93280
38673	40803
38702	83077
38760	92096
38772	40833
38773	38774
38797	83657
38852	39395
38929	38930
38931	38932
38972	38977
39126	89131
39365	82663
39384	39385
39525	39526
39617	92739
39645	39646
39655	82291
39688	39693
39689	39692
39723	72447
39723	80631
39729	78767
39868	78011
39871	39876
39904	39905
39904	80965
39957	39959
39969	72250
40057	91898
40088	87608
40190	72561
40220	40221
40245	40252
40331	74443
40428	85482
40479	40480
40524	40525
40531	73404
40793	40794
40831	40833
40872	40873
40988	82466
41001	74728
41042	41043
41060	41066
41065	83445
41084	71578
41100	41101
41132	44148
41192	74496
41299	91481
41304	81560
41335	41339
41348	79422
41378	94211
41444	78623
41444	79639
41444	79902
41555	41556
41565	41602
41566	41603
41567	41610
41570	41632
41571	41634
41572	41635
41573	41636
41975	90026
42368	88412
42868	81256
43814	88013
43845	92591
44200	93319
45887	91540
46542	89672
50382	89501
70931	70947
71582	71584
71652	82709
71685	73436
71686	73435
71687	73434
71688	73433
71744	81561
71767	77936
71799	78458
71805	93634
71806	71807
71840	84728
71872	71873
71909	73382
71984	88071
72108	72109
72115	72116
72165	84043
72166	72167
72248	72348
72281	89132
72282	76730
72334	72335
72338	82900
72344	79343
72395	72396
72506	72507
72565	91825
72610	72612
72648	72650
72665	79926
72739	89094
72741	72744
72741	89094
72743	75498
72756	87921
72786	72793
72787	74214
72853	72854
72870	72899
72959	72962
73049	94264
73049	94265
73072	73073
73103	85262
73197	73198
73249	73293
73273	73274
73403	73404
73407	91180
73407	91258
73494	73495
73510	94109
73556	73558
73689	73690
73727	73728
73890	76206
73926	73928
73939	73951
73956	91494
74022	74023
74111	88707
74111	89796
74438	74496
74702	89299
74719	81945
74979	82048
74979	91455
75089	81898
75185	75320
75577	92570
75774	81564
75951	88212
76030	88825
76036	88143
76049	93807
76085	79579
76180	86942
76243	76382
76250	92463
76441	93286
76658	92409
76842	90944
76859	88671
77200	80947
77458	82092
77528	89337
77562	90415
77617	93920
78117	91058
78216	91084
78294	92162
78294	92167
78356	88138
78783	85278
79494	89911
79714	82879
79714	93784
