1	727
1	20778
25	10022
25	10022
27	24251
30	82069
33	10930
37	32656
38	82847
71	7428
73	24251
78	9832
79	12500
83	10772
121	7428
125	86449
129	10772
154	7801
157	26900
157	84724
195	24251
207	39570
228	91252
230	9832
235	10930
235	15257
235	32796
265	9153
265	24251
290	14359
309	10772
310	4416
312	919
340	20201
342	10772
364	9832
383	10772
406	10930
417	9832
461	10930
481	81078
502	24251
503	12500
548	10772
553	15557
569	12500
616	28051
623	10358
666	89321
686	10713
729	10307
731	32656
750	88790
756	12500
773	25020
829	24251
831	9832
839	24251
854	24251
862	10772
869	14776
875	11893
892	12500
893	20247
910	37892
910	92308
919	2267
919	8437
919	15951
919	16961
919	20478
919	21376
919	24593
919	25688
919	26824
919	34290
919	38344
931	24251
932	9832
935	24251
990	29172
993	12500
994	24251
1012	10713
1153	39756
1157	15899
1157	20217
1157	24855
1157	29525
1165	24926
1178	24251
1182	9832
1183	9153
1204	9637
1210	39845
1211	83436
1220	76723
1246	13452
1267	37956
1314	28798
1332	31352
1332	37106
1605	82825
1625	20206
1680	34418
1692	7428
1706	40020
1727	2282
1870	83042
1912	39616
1953	82068
2015	32567
2085	33182
2154	38289
2213	14154
2229	33182
2468	14317
2513	12249
2584	7428
2593	80825
2641	17432
2708	86508
2761	9195
2800	31788
3006	11338
3010	26974
3010	31265
3010	82620
3112	38485
3120	35328
3242	7428
3399	38238
3474	93523
3538	24435
3589	91826
3658	35900
3824	77062
3828	20201
3919	14776
3919	73407
3945	25307
3976	25583
4016	93225
4038	7428
4104	38438
4123	7428
4141	82710
4212	33012
4263	28042
4387	17041
4479	17484
4502	27591
4518	7428
4557	21186
4577	9561
4591	35931
4617	83502
4618	86329
4637	7428
4656	39126
4656	84695
4656	84800
4670	16499
4710	32980
4798	33345
4921	85826
4939	13421
5004	91267
5010	22359
5012	94125
5070	20156
5173	77543
5349	27081
5349	27082
5370	71604
5426	34611
5448	29432
5530	84880
5538	27659
5891	93269
6263	93475
6276	39284
6290	72062
6311	37751
6327	33147
6435	88890
6469	36168
6543	41310
6571	88322
6582	76469
6758	38419
6758	72867
6758	90334
6759	27467
6759	32729
6759	33719
6759	35398
6788	40622
7020	31313
7446	89632
7621	33371
7722	26197
7749	34334
7763	9923
7777	9648
7966	83445
7970	39480
7995	25640
8032	10958
8124	92345
8129	39930
8173	13249
8198	37114
8204	30631
8250	10331
8250	83022
8262	11785
8262	30386
8386	81287
8440	76878
8590	10485
8712	36859
8754	27601
8754	77493
8853	71946
8916	15471
8932	89802
8976	80745
8999	92165
9139	26677
9205	16501
9340	84014
9368	73905
9373	34701
9562	40257
9577	73828
9604	85782
9685	12882
9690	86573
9690	94103
9819	13590
9863	11685
9888	33302
9902	92112
9915	40321
9936	38695
9990	35339
10045	72246
10110	13915
10113	30773
10277	92834
10331	83022
10339	37934
10501	20687
10504	25335
10553	79883
10553	89474
10606	12222
10606	32429
10659	77303
10713	85560
10772	33440
10772	76519
10794	22648
10794	43857
10794	51973
10847	13909
10858	88811
10888	36922
10983	31886
11004	11005
11004	35981
11004	87115
11004	88064
11056	27838
11093	33304
11128	88298
11221	73639
11267	76367
11312	33305
11332	37219
11465	25615
11504	29208
11509	32726
11591	35566
11639	41115
11639	87404
11750	32947
11772	82089
11802	33450
11802	33925
11805	87934
11930	91895
11952	72522
12038	22082
12038	25676
12048	39933
12062	39829
12068	18830
12121	17793
12132	34008
12149	28722
12153	17968
12153	32648
12153	32649
12192	21712
12193	31957
12247	78012
12286	36680
12354	37617
12412	91876
12442	12443
12474	37672
12528	94124
12636	88062
12744	26405
12745	93746
12901	19702
12997	22136
12997	41257
12997	74410
13009	15692
13012	71749
13017	93570
13063	82259
13163	39644
13165	25731
13337	83527
13420	74446
13445	34721
13485	78291
13507	27213
13518	29650
13598	36430
13625	36058
13633	86865
13653	75842
13658	89005
13666	38397
13692	82358
13707	87607
13800	17962
13800	26618
13833	93661
13882	38607
13907	38686
13907	81192
13918	36610
13920	22419
13930	13931
13968	36187
13973	85937
14030	73781
14070	27631
14117	83635
14140	82702
14178	14985
14238	34534
14258	79573
14263	88778
14263	92410
14268	88848
14337	84344
14384	25578
14497	33834
14500	35255
14515	36031
14537	24549
14537	32818
14566	24594
14570	42216
14594	38855
14686	38730
14743	90741
14761	37759
14778	91434
14792	38687
14862	74233
14866	87068
14876	78308
14986	34705
15024	32886
15058	37395
15066	94050
15109	19779
15114	38188
15144	31036
15152	36320
15186	25357
15238	26235
15257	32796
15297	89271
15345	72987
15408	47876
15408	86930
15434	33234
15451	91471
15471	35982
15471	84792
15481	84186
15482	35263
15509	38734
15549	37576
15582	89340
15600	33672
15615	43815
15737	32646
15772	32597
15814	88046
15828	40680
15831	32639
15846	93352
15853	30911
15878	36084
16020	90945
16038	35291
16091	93556
16149	31281
16159	35964
16199	73091
16217	33375
16303	26733
16395	25596
16479	84289
16493	30521
16541	26137
16588	23460
16714	39993
16744	35831
16752	88419
16766	37004
16806	34002
16806	81188
17072	80670
17277	45372
17373	81914
17449	85985
17470	88960
17516	17517
17574	83649
17615	29773
17615	32041
17615	37926
17685	24432
17685	27428
17712	36032
17736	88540
17804	80278
17804	91385
17831	37368
17853	79943
17871	81751
17962	26618
17968	32648
17968	32649
18155	27128
18447	92423
18544	32531
18586	34419
18586	72564
18669	35985
18740	90228
18830	33982
18849	40543
18908	34502
18908	84925
19092	34554
19096	33057
19150	19489
19161	40529
19216	74525
19400	38178
19466	29397
19493	37162
19559	38755
19619	34636
19656	89649
19698	91755
19717	91941
19768	39473
19857	27803
19945	32626
20095	36180
20095	91701
20127	41016
20127	86449
20220	27718
20241	91293
20277	34682
20281	35958
20285	24429
20290	38124
20335	77667
20338	29278
20362	89049
20366	36933
20384	83658
20473	36492
20619	72759
20625	88889
20626	30697
20671	93917
20700	94333
20712	31392
20756	37207
20785	35543
20803	24432
20803	77479
20803	77764
20803	90277
20840	91372
21022	89974
21035	92456
21051	73949
21103	83398
21156	36694
21223	75256
21225	32704
21292	22842
21292	80551
21338	72702
21397	92285
21397	92286
21408	30954
21468	92180
21472	34495
21566	92066
21580	39285
21660	27207
21764	35348
21779	36424
21897	36422
22034	34700
22101	85435
22111	92284
22120	32824
22190	83766
22209	36796
22266	28533
22285	77477
22312	30890
22380	80581
22502	34796
22502	71738
22552	34909
22588	90643
22648	43857
22648	51973
22677	81628
22713	91601
22736	30824
22762	89177
22762	93347
22842	80551
22966	36284
22968	88351
23001	33869
23181	36528
23196	89054
23201	91468
23221	92740
23225	27522
23258	82236
23463	33788
23464	93927
23468	89520
23471	33007
23475	33411
23500	37930
23506	77546
23528	41299
23528	91481
23532	78657
23595	25620
23617	93181
23617	93202
23621	90420
23698	75555
23730	41527
23806	93279
23841	73107
23869	73964
23988	33392
24013	30178
24013	37039
24028	28048
24151	93984
24163	79299
24248	39024
24432	27428
24432	77479
24432	77764
24432	90277
24549	32818
24957	91995
25207	30941
25215	39289
25256	83066
25278	32969
25278	91835
25280	25285
25341	40267
25433	87988
25452	33005
25548	78864
25660	33592
25822	37461
25857	89561
25969	93442
25998	34533
25998	87619
25998	93498
26003	92741
26153	37615
26207	27373
26207	33278
26296	39136
26349	87955
26360	36219
26380	31360
26479	33206
26482	74979
26482	82048
26482	91455
26567	36708
26604	92861
26660	34127
26660	37092
26710	35486
26739	28774
26796	89551
26821	80242
26831	39027
26852	33153
26886	93989
26900	84724
26906	93808
26952	38196
26974	31265
26974	82620
26998	76392
27070	36377
27136	36522
27162	39439
27216	94442
27347	89569
27349	40669
27412	34053
27459	39633
27467	33719
27467	35398
27469	38781
27548	94319
27557	37172
27557	90359
27589	73557
27596	84010
27626	71898
27627	73697
27715	36099
27757	31110
27796	34656
27866	37021
27870	31405
27924	94403
28001	87840
28043	36390
28068	34625
28114	91545
28141	36803
28144	33460
28181	94347
28377	41420
28494	37984
28607	36503
28677	45645
28701	37890
28748	30094
28759	75993
28843	74717
28871	92121
28909	35374
28909	40099
29043	82544
29171	38556
29274	80865
29286	36982
29289	75167
29348	33230
29437	71557
29438	80394
29553	81274
29589	89578
29832	93318
29918	73399
29958	43877
30044	94099
30058	79154
30070	33016
30070	38277
30070	39907
30070	41355
30070	89936
30070	90023
30070	93362
30075	85158
30082	79194
30120	91453
30133	38593
30141	85846
30168	75230
30199	80881
30231	36293
30290	31793
30500	34639
30576	35264
30598	85341
30601	92362
30629	72754
30706	77722
30756	37126
30777	72025
30796	91753
30805	31179
30805	43685
30805	72329
30805	85128
30805	85129
30805	87106
31100	88728
31224	32598
31278	34597
31287	77421
31372	36136
31376	94015
31385	84091
31396	36242
31515	35781
31533	35538
31533	39674
31553	33608
31604	90140
31707	88057
31977	32861
31978	87618
32127	86590
32235	36679
32297	32454
32347	73715
32486	72443
32538	32708
32557	89996
32557	92676
32557	92677
32557	92678
32588	93883
32597	37007
32597	37365
32717	76631
32729	33719
32729	35398
32754	82088
32969	91835
33009	90360
33016	39907
33016	41355
33016	89936
33016	93362
33166	33172
33196	93844
33366	87095
33375	33731
33440	76519
33450	33925
33470	38887
33548	37523
33641	78766
33661	33692
33719	35398
33738	74801
33738	91186
33811	83328
33864	74831
33875	36189
33875	72707
33883	87684
33886	88194
33899	36151
33999	91573
34002	81188
34051	92393
34052	92394
34063	87313
34065	39045
34127	37092
34147	88946
34218	37723
34296	87718
34366	81788
34383	78881
34419	72564
34434	39559
34502	84925
34516	36185
34533	87619
34533	93498
34558	86098
34558	93203
34702	78036
34744	37138
34746	37465
34786	93326
34796	71738
34817	34818
34839	71836
34845	72986
34898	36321
34899	74717
34944	80276
34950	37193
34991	91059
35081	37643
35126	91024
35325	75401
35374	40099
35397	78468
35462	89881
35538	39674
35651	38162
35656	88603
35668	36889
35723	94253
35743	73084
35860	89780
36018	71569
36058	39007
36090	36740
36180	91701
36189	72707
36206	74523
36210	92328
36252	73467
36408	72414
36488	40384
36499	87885
36560	38664
36575	86755
36578	92794
36608	89748
36609	93082
36625	39029
36635	40740
36643	92011
36681	40344
36717	83026
36793	46970
36888	72446
36898	41430
36929	92697
37001	72688
37023	89803
37024	91640
37274	80009
37361	92091
37367	83105
37368	90945
37391	75887
37456	78273
37553	83377
37610	73249
37610	73293
37663	38699
37841	81000
37858	81487
37892	92308
38015	91629
38019	93581
38117	92383
38139	93435
38205	72788
38218	75030
38239	83935
38277	90023
38277	93362
38347	92495
38375	78222
38403	75384
38678	75437
38742	77629
38895	74098
38911	79365
38920	88980
38966	89257
39017	81080
39032	94076
39038	86527
39095	91294
39115	85229
39126	84695
39126	84800
39137	89983
39338	72569
39398	79968
39567	72496
39710	77623
39782	85932
39845	93995
39851	89809
39907	41355
39907	89936
39907	93362
39969	71796
39977	75267
39988	73112
40033	71755
40105	93591
40151	75508
40244	71733
40244	73402
40377	84245
40406	81930
40518	90883
40531	73403
40619	90368
40685	83946
40793	93770
40826	74136
40939	72782
41090	71561
41135	76486
41355	89936
41355	93362
42315	84207
43670	92350
43857	51973
44135	71575
44418	88119
44524	89494
47301	84649
47876	86930
49719	72821
49719	87751
71579	92474
71651	75259
71669	76235
71733	73402
71796	72250
72245	75775
72366	87857
72414	82955
72449	77619
72546	79903
72605	85203
72643	81442
72664	77130
72681	74348
72704	90035
72799	92756
72821	87751
72860	73505
72867	90334
72901	91001
72997	88236
73039	73683
73074	73801
73088	73093
73239	89101
73279	91083
73304	84743
73305	88673
73346	83475
73390	81713
73390	84214
73467	78483
73738	88725
73738	88726
73806	91313
73977	75826
74118	75655
74529	87608
74592	83649
74622	74809
74707	93514
74801	91186
74938	81717
74962	91228
75106	90757
75176	89395
75233	83829
75442	88112
75619	94191
75630	83327
75768	88606
75808	78715
76024	90146
76124	76224
76180	86923
76335	87810
76547	77032
76657	88992
76848	85909
77039	93931
77078	77780
77399	84010
77428	92679
77479	77764
77479	90277
77674	90560
77741	82107
77764	90277
77923	92994
78093	94049
78162	80843
78294	88477
78294	92162
78294	88477
78440	93939
78870	93375
78906	88280
79019	88044
79090	94433
79174	87519
79553	91683
79590	81472
79635	80571
79670	90283
79670	92050
79883	89474
80022	80296
